Tue Apr 18 16:38:07 2023
Ahjhj
Computer
2
0
0
0
0
  0  0  0  0  0  0  0  0  0  0  0  0  0  0
  0  0 -1 -1  0  0  0  0 -1  0  0  0  0  0
  0  0  0  1  0 -1  0  1  0  0  0  0  0  0
  0  0 -1  1  1  1  1 -1  0  0  0  0  0  0
  0  0  0  1 -1  1 -1  0  0  0  0  0  0  0
  0  0 -1  1  1  1  1 -1  0  0  0  0  0  0
  0  0  0 -1  0 -1  1 -1  0  0  0  0  0  0
  0  0  0  0  0  0  0  0  0  0  0  0  0  0
  0  0  0  0  0  0  0  0  0  0  0  0  0  0
  0  0  0  0  0  0  0  0  0  0  0  0  0  0
  0  0  0  0  0  0  0  0  0  0  0  0  0  0
  0  0  0  0  0  0  0  0  0  0  0  0  0  0
  0  0  0  0  0  0  0  0  0  0  0  0  0  0
  0  0  0  0  0  0  0  0  0  0  0  0  0  0
